1.224218750000000000e+02
2.554101562500000000e+02
1.224218750000000000e+02
2.995898437500000000e+02
1.224218750000000000e+02
3.378789062500000000e+02
1.307968750000000000e+02
3.791132812500000000e+02
1.517343750000000000e+02
4.115117187500000000e+02
1.789531250000000000e+02
4.321289062500000000e+02
2.040781250000000000e+02
4.498007812500000000e+02
2.354843750000000000e+02
4.586367187500000000e+02
2.647968750000000000e+02
4.586367187500000000e+02
2.941093750000000000e+02
4.556914062500000000e+02
3.192343750000000000e+02
4.380195312500000000e+02
3.422656250000000000e+02
4.144570312500000000e+02
3.611093750000000000e+02
3.820585937500000000e+02
3.715781250000000000e+02
3.496601562500000000e+02
3.736718750000000000e+02
3.084257812500000000e+02
3.736718750000000000e+02
2.671914062500000000e+02
3.715781250000000000e+02
2.318476562500000000e+02
1.412656250000000000e+02
2.230117187500000000e+02
1.601093750000000000e+02
2.082851562500000000e+02
1.852343750000000000e+02
2.053398437500000000e+02
2.082656250000000000e+02
2.097578125000000000e+02
2.292031250000000000e+02
2.127031250000000000e+02
2.836406250000000000e+02
2.127031250000000000e+02
3.024843750000000000e+02
2.038671875000000000e+02
3.223750000000000000e+02
1.979765625000000000e+02
3.412187500000000000e+02
1.965039062500000000e+02
3.590156250000000000e+02
2.082851562500000000e+02
2.585156250000000000e+02
2.436289062500000000e+02
2.627031250000000000e+02
2.701367187500000000e+02
2.647968750000000000e+02
2.966445312500000000e+02
2.668906250000000000e+02
3.231523437500000000e+02
2.333906250000000000e+02
3.349335937500000000e+02
2.501406250000000000e+02
3.378789062500000000e+02
2.647968750000000000e+02
3.408242187500000000e+02
2.794531250000000000e+02
3.349335937500000000e+02
2.941093750000000000e+02
3.290429687500000000e+02
1.684843750000000000e+02
2.465742187500000000e+02
1.789531250000000000e+02
2.377382812500000000e+02
2.082656250000000000e+02
2.377382812500000000e+02
2.187343750000000000e+02
2.495195312500000000e+02
2.061718750000000000e+02
2.524648437500000000e+02
1.789531250000000000e+02
2.524648437500000000e+02
2.899218750000000000e+02
2.465742187500000000e+02
3.024843750000000000e+02
2.347929687500000000e+02
3.297031250000000000e+02
2.318476562500000000e+02
3.422656250000000000e+02
2.377382812500000000e+02
3.317968750000000000e+02
2.465742187500000000e+02
3.066718750000000000e+02
2.465742187500000000e+02
1.998906250000000000e+02
3.732226562500000000e+02
2.271093750000000000e+02
3.673320312500000000e+02
2.543281250000000000e+02
3.614414062500000000e+02
2.627031250000000000e+02
3.614414062500000000e+02
2.731718750000000000e+02
3.614414062500000000e+02
2.962031250000000000e+02
3.614414062500000000e+02
3.192343750000000000e+02
3.643867187500000000e+02
3.024843750000000000e+02
3.791132812500000000e+02
2.836406250000000000e+02
3.908945312500000000e+02
2.647968750000000000e+02
3.938398437500000000e+02
2.438593750000000000e+02
3.908945312500000000e+02
2.229218750000000000e+02
3.850039062500000000e+02
2.019843750000000000e+02
3.732226562500000000e+02
2.354843750000000000e+02
3.732226562500000000e+02
2.647968750000000000e+02
3.732226562500000000e+02
2.899218750000000000e+02
3.732226562500000000e+02
3.171406250000000000e+02
3.643867187500000000e+02
2.899218750000000000e+02
3.732226562500000000e+02
2.647968750000000000e+02
3.761679687500000000e+02
2.333906250000000000e+02
3.761679687500000000e+02
